Set	TestingOrder	TadpoleID	Rep	Treatment	FocalNest	SVL	ACT.Dist.Pixels	EXP.Dist.Pixels	PRED.Dist.Pixels
2	23	301	1	NoCompetition	35	4.25	258.67	18.32	0
2	23	301	2	NoCompetition	35	4.47	123.18	0	0
2	23	301	3	NoCompetition	35	4.10	2066.13	0	0
2	23	301	4	NoCompetition	35	4.52	258.09	0	18.69
2	23	301	5	NoCompetition	35	4.96	2472.4	0	0
2	23	301	6	NoCompetition	35	4.74	50.48	0	285.39
2	28	302	1	Conspecific	35	5.07	1108.89	613.96	1739.42
2	28	302	2	Conspecific	35	5.05	340.3	0	0
2	28	302	3	Conspecific	35	5.79	31.38	68.14	0
2	28	302	4	Conspecific	35	4.74	3884.91	0	0
2	28	302	5	Conspecific	35	6.42	65.79	234.99	37.18
2	28	302	6	Conspecific	35	4.75	829.34	0	0
2	19	305	1	Heterospecific	35	3.77	2231.22	5879.37	0
2	19	305	2	Heterospecific	35	3.46	4591.07	5670.12	54.2
2	19	305	3	Heterospecific	35	2.99	1843	0	31.02
2	19	305	4	Heterospecific	35	3.58	748.62	0	0
2	19	305	5	Heterospecific	35	4.41	778.56	1456.36	1038.42
2	19	305	6	Heterospecific	35	4.52	519.09	211.16	534.01
2	13	306	1	Conspecific	35	5.25	2301.87	6471.91	0
2	13	306	2	Conspecific	35	5.13	339.9	73.67	0
2	13	306	3	Conspecific	35	5.10	489.34	918.24	0
2	13	306	4	Conspecific	35	5.28	738.59	0	0
2	13	306	5	Conspecific	35	5.36	528.7	0	0
2	13	306	6	Conspecific	35	5.64	273.21	0	961.08
2	3	307	1	Conspecific	35	5.13	818.21	14.34	0
2	3	307	2	Conspecific	35	4.96	339.4	23.93	397.48
2	3	307	3	Conspecific	35	5.75	141.62	0	174.96
2	3	307	4	Conspecific	35	4.85	553.35	0	841.58
2	3	307	5	Conspecific	35	6.15	632.9	0	1006.17
2	3	307	6	Conspecific	35	5.53	1400.28	0	0
2	5	308	1	Conspecific	35	5.57	449.09	0	427.16
2	5	308	2	Conspecific	35	5.88	332.01	571.91	1580
2	5	308	3	Conspecific	35	3.91	413.32	2060.75	1429.65
2	5	308	4	Conspecific	35	5.14	2625.41	244.18	1582.78
2	5	308	5	Conspecific	35	6.57	223.8	0	244.89
2	5	308	6	Conspecific	35	6.07	537.32	37.98	544.27
2	41	309	1	Heterospecific	35	3.40	1149.12	23.68	0
2	41	309	2	Heterospecific	35	1.69	4.65	677.36	3327.92
2	41	309	3	Heterospecific	35	3.55	1818.8	686.32	0
2	41	309	4	Heterospecific	35	4.00	735.43	525	6252.03
2	41	309	5	Heterospecific	35	3.71	547.31	344.82	44.42
2	41	309	6	Heterospecific	35	3.63	482.59	118.97	55.79
2	30	310	1	NoCompetition	35	5.49	3868.95	5387.3	0
2	30	310	2	NoCompetition	35	5.44	100.1	5.89	930.53
2	30	310	3	NoCompetition	35	5.88	2483.03	4316.81	0
2	30	310	4	NoCompetition	35	6.14	595.08	1389.4	237.57
2	30	310	5	NoCompetition	35	6.50	438.27	711.64	0
2	30	310	6	NoCompetition	35	6.42	94.08	133.51	604.77
2	37	311	1	Conspecific	37	4.27	5860.23	4016.91	1662.2
2	37	311	2	Conspecific	37	2.59	491	3964.64	67.3
2	37	311	3	Conspecific	37	5.03	87.82	225.72	0
2	37	311	4	Conspecific	37	5.40	624.24	0	176.53
2	37	311	5	Conspecific	37	5.73	88.39	0	0
2	37	311	6	Conspecific	37	6.37	146.34	0	222.98
2	15	313	1	NoCompetition	35	4.95	133.57	0	0
2	15	313	2	NoCompetition	35	5.39	450.89	3013.02	426.71
2	15	313	3	NoCompetition	35	5.27	1717.06	818.58	0
2	15	313	4	NoCompetition	35	5.86	115.52	0	764.17
2	15	313	5	NoCompetition	35	5.93	78.18	286.12	0
2	15	313	6	NoCompetition	35	6.59	332.93	130.71	842.63
2	6	314	1	NoCompetition	35	4.95	3718.31	4991.38	55.42
2	6	314	2	NoCompetition	35	5.08	1346.64	3696.57	0
2	6	314	3	NoCompetition	35	5.22	793.94	214.15	968.34
2	6	314	4	NoCompetition	35	5.61	1807.16	400.32	1633.34
2	6	314	5	NoCompetition	35	5.61	53.97	0	0
2	6	314	6	NoCompetition	35	5.18	4550.5	0	0
2	38	315	1	NoCompetition	35	5.48	3207.06	5294.72	327.61
2	38	315	2	NoCompetition	35	5.48	748.15	6638.5	0
2	38	315	3	NoCompetition	35	4.84	3536.04	827.94	0
2	38	315	4	NoCompetition	35	5.97	418.24	471.79	0
2	38	315	5	NoCompetition	35	5.85	860.4	485.35	1946.63
2	38	315	6	NoCompetition	35	5.99	428.53	1259.13	328.93
2	24	316	1	NoCompetition	37	6.42	1524.55	772.43	2367.56
2	24	316	2	NoCompetition	37	5.97	1670.25	0	0
2	24	316	3	NoCompetition	37	6.10	402.71	2634.56	17.75
2	24	316	4	NoCompetition	37	6.30	820.29	1004.23	846.74
2	24	316	5	NoCompetition	37	6.81	171.93	10.36	0
2	24	316	6	NoCompetition	37	6.66	804.46	0	1181.21
2	39	319	1	NoCompetition	37	5.44	2690.24	3125.46	119.5
2	39	319	2	NoCompetition	37	5.84	24.08	1697.12	0
2	39	319	3	NoCompetition	37	5.72	0	2738.57	0
2	39	319	4	NoCompetition	37	5.88	262.2	611.33	710.77
2	39	319	5	NoCompetition	37	6.83	1605.12	0	372.71
2	39	319	6	NoCompetition	37	6.90	699.84	0	0
2	22	320	1	Conspecific	37	5.19	6846.78	4837.72	0
2	22	320	2	Conspecific	37	6.16	441.92	4965.43	13.64
2	22	320	3	Conspecific	37	6.01	131.27	0	0
2	22	320	4	Conspecific	37	5.98	1157.8	660.99	0
2	22	320	5	Conspecific	37	6.28	78.79	0	0
2	22	320	6	Conspecific	37	5.87	249.85	0	14.4
2	7	321	1	NoCompetition	37	5.61	369.93	0	0
2	7	321	2	NoCompetition	37	5.91	25.04	617.79	1659.76
2	7	321	3	NoCompetition	37	5.53	460.77	99.71	985.17
2	7	321	4	NoCompetition	37	6.04	97.64	197.22	536.95
2	7	321	5	NoCompetition	37	5.83	0	1210.38	2697.31
2	7	321	6	NoCompetition	37	5.04	0	0	1831.68
2	31	322	1	NoCompetition	37	6.29	1656.78	4689.18	2037.34
2	31	322	2	NoCompetition	37	5.58	611.28	0	0
2	31	322	3	NoCompetition	37	5.98	796.14	0	295.45
2	31	322	4	NoCompetition	37	6.43	193.35	0	0
2	31	322	5	NoCompetition	37	6.95	230.25	0	994.38
2	31	322	6	NoCompetition	37	6.05	7976.53	0	1506.59
2	18	325	1	Heterospecific	37	3.64	8.07	5021.52	815.3
2	18	325	2	Heterospecific	37	3.50	126.46	0	138.06
2	18	325	3	Heterospecific	37	4.26	180.27	1472.65	11.07
2	18	325	4	Heterospecific	37	3.87	291.43	1130.55	191.68
2	18	325	5	Heterospecific	37	3.00	162.28	106.15	2582.76
2	18	325	6	Heterospecific	37	3.56	912.44	0	0
2	2	326	1	NoCompetition	35	5.49	331.03	2152.12	0
2	2	326	2	NoCompetition	35	6.17	406.09	2064	6.41
2	2	326	3	NoCompetition	35	6.68	1342.54	1080.59	273.45
2	2	326	4	NoCompetition	35	6.23	390.6	0	79.22
2	2	326	5	NoCompetition	35	6.31	580.51	1398.78	0
2	2	326	6	NoCompetition	35	6.99	185.82	143.67	309.16
2	9	328	1	Heterospecific	35	3.21	1096.72	0	3791.91
2	9	328	2	Heterospecific	35	3.48	925.82	0	315.33
2	9	328	3	Heterospecific	35	3.81	1349.58	853.62	2009.54
2	9	328	4	Heterospecific	35	3.75	815.28	2346.49	1292.82
2	9	328	5	Heterospecific	35	3.34	658.77	8.06	1266.07
2	9	328	6	Heterospecific	35	3.44	1025.32	0	1329.76
2	36	329	1	Conspecific	35	3.50	639.66	2743.83	562.35
2	36	329	2	Conspecific	35	3.59	366.06	0	663.37
2	36	329	3	Conspecific	35	3.82	190.04	0	1237.64
2	36	329	4	Conspecific	35	2.84	394.95	0	229.68
2	36	329	5	Conspecific	35	2.57	280.93	0	0
2	36	329	6	Conspecific	35	3.11	398.68	0	0
2	20	330	1	Conspecific	35	4.59	3018.92	0	0
2	20	330	2	Conspecific	35	4.71	875.76	0	0
2	20	330	3	Conspecific	35	5.39	1862.97	46.31	0
2	20	330	4	Conspecific	35	4.66	197.86	0	0
2	20	330	5	Conspecific	35	4.66	138.7	0	11.19
2	20	330	6	Conspecific	35	4.94	1019.37	0	0
2	21	331	1	Conspecific	37	4.46	2622.37	3376.72	116.29
2	21	331	2	Conspecific	37	4.88	389.2	2135.99	0
2	21	331	3	Conspecific	37	4.52	5054.58	198.13	426.76
2	21	331	4	Conspecific	37	4.87	19.9	14.06	408.38
2	21	331	5	Conspecific	37	5.08	2928.09	5065.69	4413.97
2	21	331	6	Conspecific	37	5.95	1080.46	35.11	0
2	8	332	1	NoCompetition	37	4.48	158.18	0	0
2	8	332	2	NoCompetition	37	5.57	164.9	163.9	1044.08
2	8	332	3	NoCompetition	37	6.18	518.39	52.75	1062.65
2	8	332	4	NoCompetition	37	5.87	700.67	2043.13	0
2	8	332	5	NoCompetition	37	6.25	1740.75	371.06	5.48
2	8	332	6	NoCompetition	37	6.04	1020.32	97.04	1298.19
2	1	333	1	NoCompetition	35	5.06	746.04	1572.9	0
2	1	333	2	NoCompetition	35	5.70	196.71	0	763.11
2	1	333	3	NoCompetition	35	6.46	1084.37	0	1001.7
2	1	333	4	NoCompetition	35	6.57	570.45	149.45	1356.78
2	1	333	5	NoCompetition	35	7.01	0	0	0
2	1	333	6	NoCompetition	35	6.27	286.89	0	0
2	29	334	1	Conspecific	37	4.06	2413.37	0	0
2	29	334	2	Conspecific	37	4.73	206.98	858.27	949.51
2	29	334	3	Conspecific	37	4.78	105.9	566.08	0
2	29	334	4	Conspecific	37	5.32	38.62	298.06	0
2	29	334	5	Conspecific	37	5.97	186.75	0	0
2	29	334	6	Conspecific	37	5.78	256.19	0	0
2	40	335	1	NoCompetition	37	6.55	744.36	0	180.88
2	40	335	2	NoCompetition	37	6.02	740.42	69.51	452.58
2	40	335	3	NoCompetition	37	5.65	2252.62	0	1351.94
2	40	335	4	NoCompetition	37	6.52	72	717.4	190.22
2	40	335	5	NoCompetition	37	6.36	1964.54	7.07	0
2	40	335	6	NoCompetition	37	6.67	164.1	0	0
2	16	336	1	NoCompetition	37	6.47	760.64	49.02	204.08
2	16	336	2	NoCompetition	37	5.92	290.8	0	610.3
2	16	336	3	NoCompetition	37	6.27	2827.03	284.86	1515.79
2	16	336	4	NoCompetition	37	7.06	412.18	918	1663.58
2	16	336	5	NoCompetition	37	6.85	82.69	3232.67	3
2	16	336	6	NoCompetition	37	6.35	110.11	0	253.69
2	17	337	1	Heterospecific	35	3.63	468.93	0	0
2	17	337	2	Heterospecific	35	4.09	4263.85	0	0
2	17	337	3	Heterospecific	35	3.99	2708.15	4106.81	174.29
2	17	337	4	Heterospecific	35	3.50	5022.53	0	26.55
2	17	337	5	Heterospecific	35	4.06	1723.03	527.12	0
2	17	337	6	Heterospecific	35	4.34	3145.31	149.63	235.97
2	11	338	1	Conspecific	35	4.70	544.04	545.51	535.52
2	11	338	2	Conspecific	35	4.69	816.04	345.94	718.26
2	11	338	3	Conspecific	35	4.39	1222.27	155.9	1374.84
2	11	338	4	Conspecific	35	4.78	62.55	0	138.64
2	11	338	5	Conspecific	35	5.08	204.01	0	2319.26
2	11	338	6	Conspecific	35	5.39	263.69	44.05	329.67
2	25	339	1	Heterospecific	35	4.03	746.01	0	1404.1
2	25	339	2	Heterospecific	35	3.88	407.08	24.89	0
2	25	339	3	Heterospecific	35	4.10	154.17	13.64	233.19
2	25	339	4	Heterospecific	35	4.12	664.53	2081.84	58.31
2	25	339	5	Heterospecific	35	4.73	546.91	576.32	0
2	25	339	6	Heterospecific	35	5.81	197.43	0	593.67
2	32	340	1	NoCompetition	37	5.62	1430.15	2.82	312.76
2	32	340	2	NoCompetition	37	6.46	274.7	3083.3	997.76
2	32	340	3	NoCompetition	37	5.62	183.39	4401.35	1568.06
2	32	340	4	NoCompetition	37	5.43	4300.45	214.43	186.98
2	32	340	5	NoCompetition	37	5.49	3951.89	0	159.74
2	32	340	6	NoCompetition	37	6.65	2029.06	7.08	2211.03
2	4	342	1	Conspecific	37	3.81	694.23	0	1701.7
2	4	342	2	Conspecific	37	4.50	590.77	0	168.68
2	4	342	3	Conspecific	37	4.52	240.35	156.39	0
2	4	342	4	Conspecific	37	5.00	81.79	0	0
2	4	342	5	Conspecific	37	4.40	171.86	0	0
2	4	342	6	Conspecific	37	4.44	916.25	0	102.44
2	12	343	1	Conspecific	37	5.42	174.59	367.03	0
2	12	343	2	Conspecific	37	6.48	914.87	0	1391.38
2	12	343	3	Conspecific	37	6.63	702.37	24.77	0
2	12	343	4	Conspecific	37	6.68	59.61	0	0
2	12	343	5	Conspecific	37	7.03	15.89	0	265.18
2	12	343	6	Conspecific	37	6.64	1850.87	151.02	187.03
2	14	345	1	Conspecific	37	6.00	1245.26	0	0
2	14	345	2	Conspecific	37	5.98	319	3008.92	0
2	14	345	3	Conspecific	37	5.76	664.64	0	0
2	14	345	4	Conspecific	37	5.02	4081	1402.34	0
2	14	345	5	Conspecific	37	6.39	454.91	0	0
2	14	345	6	Conspecific	37	6.28	214.89	0	0
3	31	401	1	NoCompetition	47	5.42	908.21	391.52	258.32
3	31	401	2	NoCompetition	47	5.12	606.38	0	203.65
3	31	401	3	NoCompetition	47	6.67	999.08	0	187.89
3	31	401	4	NoCompetition	47	6.47	198.44	0	0
3	31	401	5	NoCompetition	47	7.22	701.67	124.35	0
3	31	401	6	NoCompetition	47	6.23	902.97	0	0
3	14	402	1	Conspecific	49	6.10	4969.45	0	148.53
3	14	402	2	Conspecific	49	6.00	4.16	0	0
3	14	402	3	Conspecific	49	4.88	147.45	0	0
3	14	402	4	Conspecific	49	5.93	256.24	0	0
3	14	402	5	Conspecific	49	6.34	130.54	0	0
3	14	402	6	Conspecific	49	5.53	20.33	0	0
3	17	403	1	Heterospecific	49	4.34	3527.84	0	1371.4
3	17	403	2	Heterospecific	49	4.41	97.87	743.47	134.67
3	17	403	3	Heterospecific	49	3.93	1037.75	0	1422
3	17	403	4	Heterospecific	49	4.64	128.19	402.4	1548.28
3	17	403	5	Heterospecific	49	4.79	548.83	964.73	973.28
3	17	403	6	Heterospecific	49	4.65	452.09	1	0
3	28	404	1	Conspecific	49	5.84	18.33	2	0
3	28	404	2	Conspecific	49	4.88	196.56	21.19	694.35
3	28	404	3	Conspecific	49	6.37	46.33	25.28	1175.83
3	28	404	4	Conspecific	49	6.19	35.67	0	261.86
3	28	404	5	Conspecific	49	6.94	5.65	0	0
3	28	404	6	Conspecific	49	3.30	48.96	0	387.84
3	2	405	1	Heterospecific	47	2.85	1115.74	0	560.32
3	2	405	2	Heterospecific	47	2.48	208.98	3390.75	1038.94
3	2	405	3	Heterospecific	47	3.20	2570.78	2812.33	190.05
3	2	405	4	Heterospecific	47	3.25	915.93	48.57	0
3	2	405	5	Heterospecific	47	4.58	786.7	1214.83	163.15
3	2	405	6	Heterospecific	47	4.37	877.42	520.19	556.15
3	29	406	1	Conspecific	47	5.96	761.03	2	0
3	29	406	2	Conspecific	47	3.43	918.02	0	0
3	29	406	3	Conspecific	47	3.35	380.88	0	0
3	29	406	4	Conspecific	47	3.65	1174.74	0	0
3	29	406	5	Conspecific	47	3.19	1037.01	1554.12	318.13
3	29	406	6	Conspecific	47	5.74	301.21	0	1
3	33	407	1	Heterospecific	49	4.86	2610.03	163.33	0
3	33	407	2	Heterospecific	49	4.33	2232.49	3099.61	1932.95
3	33	407	3	Heterospecific	49	4.42	327.51	617.57	345.33
3	33	407	4	Heterospecific	49	4.05	167.58	0	0
3	33	407	5	Heterospecific	49	4.17	652.43	336.26	9.47
3	33	407	6	Heterospecific	49	3.31	2153.99	339.76	1338.97
3	20	408	1	Conspecific	49	6.15	361.8	39.35	0
3	20	408	2	Conspecific	49	5.93	80.99	1244.95	288.52
3	20	408	3	Conspecific	49	5.07	82.79	607.9	0
3	20	408	4	Conspecific	49	5.69	53.49	0	34.5
3	20	408	5	Conspecific	49	5.47	500.72	263.35	302.65
3	20	408	6	Conspecific	49	6.25	203.6	0	0
3	12	410	1	Conspecific	49	5.11	1804.99	872.22	996.51
3	12	410	2	Conspecific	49	5.25	973.01	0	0
3	12	410	3	Conspecific	49	6.01	227.24	0	1138.07
3	12	410	4	Conspecific	49	5.65	38.03	2014.15	215.88
3	12	410	5	Conspecific	49	6.22	414.34	0	0
3	12	410	6	Conspecific	49	6.22	143.04	0	114.04
3	36	411	1	Conspecific	49	5.78	405.64	5979.07	179.6
3	36	411	2	Conspecific	49	5.53	307.47	0	0
3	36	411	3	Conspecific	49	5.77	116.49	0	3.41
3	36	411	4	Conspecific	49	5.33	46.78	0	0
3	36	411	5	Conspecific	49	5.25	102.9	23.35	169.06
3	36	411	6	Conspecific	49	5.18	49.44	0	18.17
3	4	413	1	Conspecific	49	6.21	293.82	1267.28	0
3	4	413	2	Conspecific	49	5.89	0	2471.88	3.24
3	4	413	3	Conspecific	49	6.95	930.7	27.44	0
3	4	413	4	Conspecific	49	6.96	126.35	0	0
3	4	413	5	Conspecific	49	6.85	120.2	0	0
3	4	413	6	Conspecific	49	7.12	110.92	0	1400.16
3	34	414	1	Heterospecific	47	4.15	617.63	0	0
3	34	414	2	Heterospecific	47	4.96	1002.21	0	85.77
3	34	414	3	Heterospecific	47	3.93	170.96	0	0
3	34	414	4	Heterospecific	47	4.09	166.28	23.03	379.03
3	34	414	5	Heterospecific	47	4.15	1535.72	946.57	835.58
3	34	414	6	Heterospecific	47	3.99	2435.71	0	178.4
3	15	415	1	NoCompetition	49	6.54	815.02	116.57	0
3	15	415	2	NoCompetition	49	6.24	394	0	0
3	15	415	3	NoCompetition	49	6.78	443.2	856.96	0
3	15	415	4	NoCompetition	49	6.13	805.86	0	0
3	15	415	5	NoCompetition	49	7.50	169.66	973.8	0
3	15	415	6	NoCompetition	49	8.70	161.16	0	0
3	8	416	1	NoCompetition	47	6.11	982.89	463.2	173.11
3	8	416	2	NoCompetition	47	5.80	1897.77	0	0
3	8	416	3	NoCompetition	47	5.21	36.53	0	0
3	8	416	4	NoCompetition	47	6.67	194.11	0	0
3	8	416	5	NoCompetition	47	6.04	129.37	0	0
3	8	416	6	NoCompetition	47	6.41	117.98	0	0
3	48	417	1	NoCompetition	47	6.04	294.33	646.98	0
3	48	417	2	NoCompetition	47	5.81	3843.15	331.87	7
3	48	417	3	NoCompetition	47	6.28	19.5	2343.51	135.63
3	48	417	4	NoCompetition	47	6.03	1855.83	511.47	1259.47
3	48	417	5	NoCompetition	47	6.40	726.01	2430.32	390.19
3	48	417	6	NoCompetition	47	6.10	274.9	628.4	158.86
3	3	418	1	Heterospecific	49	4.34	136.54	0	199.78
3	3	418	2	Heterospecific	49	4.19	119.22	0	634.84
3	3	418	3	Heterospecific	49	4.83	295.36	785.62	59.64
3	3	418	4	Heterospecific	49	4.47	118.58	235.38	1189.56
3	3	418	5	Heterospecific	49	4.87	154.57	157.85	0
3	3	418	6	Heterospecific	49	4.49	693.92	0	0
3	39	419	1	NoCompetition	49	6.07	1674.13	2422.11	683.23
3	39	419	2	NoCompetition	49	7.01	936.07	1556.57	0
3	39	419	3	NoCompetition	49	6.88	775.7	0	0
3	39	419	4	NoCompetition	49	6.66	142.69	0	0
3	39	419	5	NoCompetition	49	7.09	52.6	257.05	9.24
3	39	419	6	NoCompetition	49	6.46	349.74	0	0
3	26	422	1	Heterospecific	47	3.72	1972.95	84.66	0
3	26	422	2	Heterospecific	47	4.20	138.58	37.37	0
3	26	422	3	Heterospecific	47	4.00	529.75	0	1750.26
3	26	422	4	Heterospecific	47	4.33	755.82	13.65	0
3	26	422	5	Heterospecific	47	4.24	1769.8	0	353.82
3	26	422	6	Heterospecific	47	3.91	927.44	67.64	0
3	47	423	1	NoCompetition	47	5.92	753.99	76.03	1554.78
3	47	423	2	NoCompetition	47	3.79	98.8	0	322.21
3	47	423	3	NoCompetition	47	6.14	947.06	3.16	0
3	47	423	4	NoCompetition	47	5.90	1026.84	0	0
3	47	423	5	NoCompetition	47	6.42	198.76	236.49	127.8
3	47	423	6	NoCompetition	47	5.03	91.53	0	0
3	16	424	1	NoCompetition	47	5.87	1104.77	1392.75	0
3	16	424	2	NoCompetition	47	5.96	204.68	0	0
3	16	424	3	NoCompetition	47	6.19	1082.64	0	685.87
3	16	424	4	NoCompetition	47	6.50	10.82	0	0
3	16	424	5	NoCompetition	47	5.53	1233.79	124.77	446.02
3	16	424	6	NoCompetition	47	5.57	159.5	0	0
3	24	425	1	NoCompetition	49	5.92	1443.74	866.41	435.33
3	24	425	2	NoCompetition	49	6.56	1284.91	4.61	309.67
3	24	425	3	NoCompetition	49	6.86	758.39	128.83	793.6
3	24	425	4	NoCompetition	49	7.27	581.14	175.08	883.52
3	24	425	5	NoCompetition	49	6.65	25.62	0	0
3	24	425	6	NoCompetition	49	5.81	235.98	1582.66	138.09
3	21	426	1	Conspecific	47	5.44	438.33	0	2549.36
3	21	426	2	Conspecific	47	4.87	746.6	61.64	342.59
3	21	426	3	Conspecific	47	5.49	948.54	0	1150.69
3	21	426	4	Conspecific	47	5.11	108.99	0	777.94
3	21	426	5	Conspecific	47	5.90	131.25	0	0
3	21	426	6	Conspecific	47	5.05	899.83	461.61	0
3	10	427	1	Heterospecific	47	3.88	1378.41	342.47	357.12
3	10	427	2	Heterospecific	47	3.85	1846.56	1584.49	0
3	10	427	3	Heterospecific	47	4.80	222.9	0	0
3	10	427	4	Heterospecific	47	4.37	147.97	0	175.6
3	10	427	5	Heterospecific	47	4.54	114.99	0	51.65
3	10	427	6	Heterospecific	47	3.66	18.87	13.08	0
3	6	428	1	NoCompetition	49	7.15	316.49	3668.1	7431.88
3	6	428	2	NoCompetition	49	6.71	168.23	676.84	2315.48
3	6	428	3	NoCompetition	49	6.76	1353.43	10.63	141.9
3	6	428	4	NoCompetition	49	5.99	2658.08	0	0
3	6	428	5	NoCompetition	49	5.95	4.16	0	19.37
3	6	428	6	NoCompetition	49	6.64	1089.31	0	0
3	18	430	1	Heterospecific	47	4.48	3606.19	38.24	1908.08
3	18	430	2	Heterospecific	47	3.73	4202.43	4150.37	0
3	18	430	3	Heterospecific	47	3.68	227.9	4720.36	170.9
3	18	430	4	Heterospecific	47	4.05	722.44	140.42	5.12
3	18	430	5	Heterospecific	47	3.16	1254.82	0	128.64
3	18	430	6	Heterospecific	47	3.73	158.22	54.31	0
3	38	431	1	Conspecific	47	4.66	2.41	6089.27	858
3	38	431	2	Conspecific	47	5.24	4488.41	0	483.88
3	38	431	3	Conspecific	47	4.88	406.98	0	2288.47
3	38	431	4	Conspecific	47	5.85	229.82	7.81	2580.85
3	38	431	5	Conspecific	47	6.07	460.25	0	1106.8
3	38	431	6	Conspecific	47	4.81	994.65	0	0
3	13	433	1	Conspecific	47	4.64	99.53	5279.59	0
3	13	433	2	Conspecific	47	6.26	2926.87	267.56	0
3	13	433	3	Conspecific	47	5.32	17.21	5490.13	457.93
3	13	433	4	Conspecific	47	4.43	0	0	0
3	13	433	5	Conspecific	47	6.08	160.66	1770.81	0
3	13	433	6	Conspecific	47	6.13	24.43	0	0
3	30	434	1	NoCompetition	49	5.90	2291.42	3572.03	275.39
3	30	434	2	NoCompetition	49	4.96	1102.1	0	283.25
3	30	434	3	NoCompetition	49	6.30	817.98	68.64	2560.57
3	30	434	4	NoCompetition	49	5.80	0	1049.1	0
3	30	434	5	NoCompetition	49	5.61	22.78	10.01	152.85
3	30	434	6	NoCompetition	49	5.58	3049.13	0	19.08
3	35	435	1	Heterospecific	49	4.19	368.39	0	0
3	35	435	2	Heterospecific	49	4.09	659.27	0	30.06
3	35	435	3	Heterospecific	49	3.67	582.97	0	13.47
3	35	435	4	Heterospecific	49	4.19	71.05	117.71	402.11
3	35	435	5	Heterospecific	49	4.28	820.63	0	0
3	35	435	6	Heterospecific	49	4.07	559.1	17.57	127.62
3	19	436	1	Heterospecific	47	3.54	4364.77	65.62	0
3	19	436	2	Heterospecific	47	3.41	1066.28	4737.66	1609.45
3	19	436	3	Heterospecific	47	3.55	1833.9	189.57	26.35
3	19	436	4	Heterospecific	47	2.63	122.29	636.97	2143.31
3	19	436	5	Heterospecific	47	3.11	1265.98	2561.79	2015.58
3	19	436	6	Heterospecific	47	3.26	280.07	0	1701.75
3	37	437	1	Conspecific	47	3.51	5073.98	147.52	2157.68
3	37	437	2	Conspecific	47	5.16	307.47	0	1094.38
3	37	437	3	Conspecific	47	4.31	184.98	10.47	34.03
3	37	437	4	Conspecific	47	4.11	166.66	38.07	797.84
3	37	437	5	Conspecific	47	4.80	543.77	2520.3	1397.32
3	37	437	6	Conspecific	47	4.84	431.61	375.61	563.96
3	11	438	1	Heterospecific	47	3.71	229.38	0	103.45
3	11	438	2	Heterospecific	47	4.24	7.26	0	0
3	11	438	3	Heterospecific	47	3.86	0	1635.14	427.36
3	11	438	4	Heterospecific	47	4.24	8.95	0	127.37
3	11	438	5	Heterospecific	47	4.04	795.71	6.08	118.19
3	11	438	6	Heterospecific	47	3.98	501.49	0	72.07
3	32	439	1	NoCompetition	47	5.84	1028.97	0	4357.83
3	32	439	2	NoCompetition	47	6.21	3101.36	201.22	0
3	32	439	3	NoCompetition	47	6.08	588.12	0	1780.69
3	32	439	4	NoCompetition	47	6.76	173.61	135.42	3035.22
3	32	439	5	NoCompetition	47	4.19	76.88	894.83	301.59
3	32	439	6	NoCompetition	47	6.16	527.15	0	0
3	25	440	1	Heterospecific	49	3.55	515.42	0	75.52
3	25	440	2	Heterospecific	49	2.88	48.98	0	949.07
3	25	440	3	Heterospecific	49	4.03	506.75	0	0
3	25	440	4	Heterospecific	49	4.87	324.16	1930.17	0
3	25	440	5	Heterospecific	49	4.06	3674.02	0	536.84
3	25	440	6	Heterospecific	49	3.34	1447.57	323.59	38.27
3	1	441	1	Heterospecific	49	4.68	227.32	0	0
3	1	441	2	Heterospecific	49	4.17	464.45	2555.21	725.41
3	1	441	3	Heterospecific	49	4.72	6602.2	4071.44	0
3	1	441	4	Heterospecific	49	3.70	1621.8	1052.94	2
3	1	441	5	Heterospecific	49	3.36	480.15	0	0
3	1	441	6	Heterospecific	49	3.47	831.18	0	666.48
3	22	444	1	Conspecific	49	6.04	1286.63	2192.06	5297.49
3	22	444	2	Conspecific	49	7.40	1797.35	0	0
3	22	444	3	Conspecific	49	6.65	181.69	0	2511.28
3	22	444	4	Conspecific	49	6.54	9	101.51	0
3	22	444	5	Conspecific	49	7.31	228.03	0	0
3	22	444	6	Conspecific	49	7.32	251.44	41.7	242.47
3	5	445	1	Conspecific	47	6.43	1659.32	13.09	0
3	5	445	2	Conspecific	47	5.89	573.85	0	0
3	5	445	3	Conspecific	47	6.28	262.35	0	10
3	5	445	4	Conspecific	47	6.81	127.42	0	591.36
3	5	445	5	Conspecific	47	7.20	12.22	8.26	0
3	5	445	6	Conspecific	47	7.13	4.12	0	0
3	41	446	1	Heterospecific	49	3.42	3900.15	248.46	583.8
3	41	446	2	Heterospecific	49	3.99	445.83	0	0
3	41	446	3	Heterospecific	49	3.45	454.05	0	724.27
3	41	446	4	Heterospecific	49	3.02	1172.44	27.01	1104.27
3	41	446	5	Heterospecific	49	3.79	663.61	118.96	417.6
3	41	446	6	Heterospecific	49	3.99	225.21	0	0
3	43	448	1	Heterospecific	47	4.76	659.68	298.83	165.24
3	43	448	2	Heterospecific	47	4.52	90.5	0	274.33
3	43	448	3	Heterospecific	47	4.65	339.02	0	2146.1
3	43	448	4	Heterospecific	47	4.24	943.86	0	0
3	43	448	5	Heterospecific	47	4.96	513.87	0	0
3	43	448	6	Heterospecific	47	4.25	328.46	0	16.3
3	44	449	1	Heterospecific	49	3.65	80.36	0	2372.71
3	44	449	2	Heterospecific	49	3.13	21.39	0	0
3	44	449	3	Heterospecific	49	3.41	540.85	0	2058.01
3	44	449	4	Heterospecific	49	4.16	272.71	0	278.56
3	44	449	5	Heterospecific	49	4.15	640.29	533.33	0
3	44	449	6	Heterospecific	49	3.05	162.96	0	0
3	45	450	1	Heterospecific	49	4.46	1.41	0	1
3	45	450	2	Heterospecific	49	4.50	488.25	0	2805.47
3	45	450	3	Heterospecific	49	4.18	40.55	2516.01	0
3	45	450	4	Heterospecific	49	4.49	6.95	879.89	0
3	45	450	5	Heterospecific	49	4.56	211.19	208.85	854.82
3	45	450	6	Heterospecific	49	4.37	152.49	14.21	0
4	30	502	1	NoCompetition	55	3.44	1073.05	7646.81	5022.03
4	30	502	2	NoCompetition	55	3.30	1532.77	3776.54	4.24
4	30	502	3	NoCompetition	55	3.70	132.13	0	3068.85
4	30	502	4	NoCompetition	55	3.52	304.12	2408.91	0
4	30	502	5	NoCompetition	55	3.55	740.67	796.31	2454.48
4	30	502	6	NoCompetition	55	3.27	447.04	230.55	266.6
4	43	503	1	Heterospecific	55	3.80	5932.9	55.38	1780.22
4	43	503	2	Heterospecific	55	4.70	71.74	0	0
4	43	503	3	Heterospecific	55	4.22	959.69	0	0
4	43	503	4	Heterospecific	55	4.13	33.44	0	609.04
4	43	503	5	Heterospecific	55	4.63	1059.17	0	0
4	43	503	6	Heterospecific	55	2.75	3551.98	0	0
4	26	505	1	Heterospecific	54	4.31	495.26	177.27	0
4	26	505	2	Heterospecific	54	5.05	890.23	77.52	357.89
4	26	505	3	Heterospecific	54	4.94	153.59	0	0
4	26	505	4	Heterospecific	54	4.77	789.9	425.1	200.56
4	26	505	5	Heterospecific	54	4.58	677.2	232.24	0
4	26	505	6	Heterospecific	54	4.25	2167.4	624.1	18.04
4	45	508	1	Conspecific	55	4.69	1259.56	423.48	615.01
4	45	508	2	Conspecific	55	4.97	740.79	0	0
4	45	508	3	Conspecific	55	4.45	4321.33	0	320.65
4	45	508	4	Conspecific	55	4.90	217.4	0	0
4	45	508	5	Conspecific	55	5.16	130.54	0	0
4	45	508	6	Conspecific	55	4.70	1405.93	0	475.3
4	44	509	1	Heterospecific	55	3.99	824.05	3999.82	4921.22
4	44	509	2	Heterospecific	55	2.95	3196.54	0	0
4	44	509	3	Heterospecific	55	3.26	4182.42	3553.29	0
4	44	509	4	Heterospecific	55	3.74	1476.76	3204.34	4280.37
4	44	509	5	Heterospecific	55	3.53	755.56	91.49	0
4	44	509	6	Heterospecific	55	4.26	254.15	0	65.47
4	34	510	1	Heterospecific	54	4.75	496.94	2635.48	4
4	34	510	2	Heterospecific	54	4.69	3759.88	2935.6	0
4	34	510	3	Heterospecific	54	5.10	3579.87	0	0
4	34	510	4	Heterospecific	54	5.06	967.36	194.86	273.98
4	34	510	5	Heterospecific	54	4.33	1344.48	192.83	85.29
4	34	510	6	Heterospecific	54	4.29	239.41	91.82	0
4	48	512	1	NoCompetition	55	4.14	1162.4	501.88	922.75
4	48	512	2	NoCompetition	55	3.91	232.13	4112.72	2153.87
4	48	512	3	NoCompetition	55	4.67	1142.68	0	2111.94
4	48	512	4	NoCompetition	55	4.12	5727.54	3637.75	303.71
4	48	512	5	NoCompetition	55	4.90	394	170.98	0
4	48	512	6	NoCompetition	55	4.16	3034.73	0	741.45
4	47	514	1	NoCompetition	54	4.91	7798.12	430.89	871.9
4	47	514	2	NoCompetition	54	5.43	837.8	0	35.33
4	47	514	3	NoCompetition	54	4.59	135.12	0	618.9
4	47	514	4	NoCompetition	54	4.91	517.29	1646.51	383.06
4	47	514	5	NoCompetition	54	5.72	23.67	44.87	7577.3
4	47	514	6	NoCompetition	54	5.15	1085.37	0	0
4	15	515	1	NoCompetition	55	4.25	1030	0	1775.41
4	15	515	2	NoCompetition	55	4.66	110.87	1782.39	360.31
4	15	515	3	NoCompetition	55	4.62	0	1590.6	1632.87
4	15	515	4	NoCompetition	55	4.70	545.28	1401.42	1048.72
4	15	515	5	NoCompetition	55	4.65	31.16	2663.73	0
4	15	515	6	NoCompetition	55	4.43	18.54	0	0
4	18	516	1	Heterospecific	54	5.31	1084.38	782.8	229.63
4	18	516	2	Heterospecific	54	5.16	636.28	14.6	0
4	18	516	3	Heterospecific	54	5.17	337.47	126.43	0
4	18	516	4	Heterospecific	54	4.77	456.13	0	432.2
4	18	516	5	Heterospecific	54	4.74	4551.33	220.65	355.61
4	18	516	6	Heterospecific	54	4.67	1357.59	48	2850.47
4	28	517	1	Conspecific	54	5.02	19.18	3211.4	5930.94
4	28	517	2	Conspecific	54	5.07	123.98	0	0
4	28	517	3	Conspecific	54	5.92	197.33	0	0
4	28	517	4	Conspecific	54	5.26	0	5441.74	2744.02
4	28	517	5	Conspecific	54	5.44	24.91	3904.86	473.52
4	28	517	6	Conspecific	54	6.34	487.32	0	585.61
4	13	519	1	Conspecific	55	3.73	247.17	0	1.41
4	13	519	2	Conspecific	55	3.96	650.47	65.95	207.95
4	13	519	3	Conspecific	55	3.64	484.68	4	0
4	13	519	4	Conspecific	55	3.21	815.58	149.29	0
4	13	519	5	Conspecific	55	3.85	3809.85	1030.82	5
4	13	519	6	Conspecific	55	4.55	487.98	0	0
4	17	522	1	Heterospecific	55	4.86	673.64	0	825.93
4	17	522	2	Heterospecific	55	4.26	580.66	0	7334.24
4	17	522	3	Heterospecific	55	5.23	1686.86	0	2662.99
4	17	522	4	Heterospecific	55	5.17	1062.43	0	0
4	17	522	5	Heterospecific	55	4.83	3254.98	110.23	2518.14
4	17	522	6	Heterospecific	55	4.91	3497.25	2547.02	628.61
4	23	523	1	NoCompetition	54	5.43	227.41	5151.45	197.43
4	23	523	2	NoCompetition	54	5.58	61.01	0	0
4	23	523	3	NoCompetition	54	6.28	0	0	0
4	23	523	4	NoCompetition	54	5.73	1112.24	3983.36	0
4	23	523	5	NoCompetition	54	5.55	106.69	96.09	1199.41
4	23	523	6	NoCompetition	54	6.38	118.25	0	0
4	39	524	1	NoCompetition	55	5.24	284.58	NA	0
4	39	524	2	NoCompetition	55	5.36	497.31	1300.35	526.46
4	39	524	3	NoCompetition	55	5.75	2075.24	104.6	462.73
4	39	524	4	NoCompetition	55	5.26	353.52	3655.22	8783.82
4	39	524	5	NoCompetition	55	5.84	24.06	666.01	439.34
4	39	524	6	NoCompetition	55	5.63	7.41	4319.91	2346.73
4	7	526	1	NoCompetition	55	4.58	2860.5	0	22.21
4	7	526	2	NoCompetition	55	4.65	911.68	4642.73	314.67
4	7	526	3	NoCompetition	55	4.98	2	3782.95	292.34
4	7	526	4	NoCompetition	55	5.15	593.44	1108.1	406.67
4	7	526	5	NoCompetition	55	4.18	41.12	0	4922.02
4	7	526	6	NoCompetition	55	5.16	0	0	0
4	16	528	1	NoCompetition	54	5.40	1510.64	0	0
4	16	528	2	NoCompetition	54	5.30	22.01	3903.39	0
4	16	528	3	NoCompetition	54	5.36	63.93	3126.42	2214.87
4	16	528	4	NoCompetition	54	5.80	96.61	2432.91	0
4	16	528	5	NoCompetition	54	5.24	949.94	0	0
4	16	528	6	NoCompetition	54	5.69	693.08	247.42	1463.46
4	10	529	1	Heterospecific	54	4.85	275.22	1098.25	0
4	10	529	2	Heterospecific	54	4.16	1607.9	141.21	476.2
4	10	529	3	Heterospecific	54	4.33	0	5539.39	0
4	10	529	4	Heterospecific	54	4.14	19.68	268.19	264.31
4	10	529	5	Heterospecific	54	3.92	165.09	362.55	0
4	10	529	6	Heterospecific	54	4.52	138.44	0	0
4	8	530	1	NoCompetition	54	4.95	5043.65	5367.09	0
4	8	530	2	NoCompetition	54	4.79	0	290.18	0
4	8	530	3	NoCompetition	54	5.94	48.61	2232.59	46.2
4	8	530	4	NoCompetition	54	6.20	1916.41	1247.72	31.79
4	8	530	5	NoCompetition	54	5.63	46.53	564.73	340.18
4	8	530	6	NoCompetition	54	5.37	2195.95	241.85	0
4	2	531	1	Heterospecific	55	4.89	466.78	0	0
4	2	531	2	Heterospecific	55	4.55	2535.98	0	279.27
4	2	531	3	Heterospecific	55	4.31	19.89	4465.18	94.73
4	2	531	4	Heterospecific	55	4.43	400.63	0	248.41
4	2	531	5	Heterospecific	55	4.37	61.54	0	4031.21
4	2	531	6	Heterospecific	55	4.59	246.1	0	6
4	11	532	1	Heterospecific	54	5.42	556.71	692.37	0
4	11	532	2	Heterospecific	54	5.50	130.15	0	0
4	11	532	3	Heterospecific	54	4.73	411.61	0	0
4	11	532	4	Heterospecific	54	4.63	1519.79	927.28	4001.85
4	11	532	5	Heterospecific	54	5.01	1978.93	4598.27	241.75
4	11	532	6	Heterospecific	54	4.68	1700.15	370.78	0
4	21	533	1	Conspecific	54	6.26	637.13	7397.71	651.8
4	21	533	2	Conspecific	54	6.82	603.88	7048.35	3590.23
4	21	533	3	Conspecific	54	6.49	421.1	7547.06	0
4	21	533	4	Conspecific	54	7.11	49.64	5781.61	0
4	21	533	5	Conspecific	54	7.59	313.14	5944.48	530.4
4	21	533	6	Conspecific	54	7.83	446.47	452	0
4	4	534	1	Conspecific	55	4.28	51.88	1535.47	0
4	4	534	2	Conspecific	55	5.12	945.02	5944.09	0
4	4	534	3	Conspecific	55	4.34	113.27	1035.52	0
4	4	534	4	Conspecific	55	4.73	210.73	158.8	704.78
4	4	534	5	Conspecific	55	4.95	151.09	76.69	716.93
4	4	534	6	Conspecific	55	4.88	115.26	0	0
4	33	535	1	Heterospecific	55	4.57	197.17	344.35	0
4	33	535	2	Heterospecific	55	5.06	16.89	3357.66	0
4	33	535	3	Heterospecific	55	3.94	0	77.46	60.25
4	33	535	4	Heterospecific	55	4.88	8.68	0	0
4	33	535	5	Heterospecific	55	4.34	5.02	689.19	365.67
4	33	535	6	Heterospecific	55	3.97	10	71.72	591.15
4	22	537	1	NoCompetition	55	4.10	421.32	1281.43	0
4	22	537	2	NoCompetition	55	4.04	317.58	88.32	710.73
4	22	537	3	NoCompetition	55	3.93	451.28	175.18	153.85
4	22	537	4	NoCompetition	55	3.74	2066.72	0	0
4	22	537	5	NoCompetition	55	3.68	329.96	0	132.51
4	22	537	6	NoCompetition	55	4.05	425.71	0	0
4	5	538	1	Conspecific	55	4.36	841.33	3752.72	0
4	5	538	2	Conspecific	55	4.16	504.2	0	0
4	5	538	3	Conspecific	55	4.53	547.11	0	0
4	5	538	4	Conspecific	55	4.26	1438.77	0	0
4	5	538	5	Conspecific	55	3.61	879.54	0	0
4	5	538	6	Conspecific	55	3.76	1505.91	0	0
4	41	539	1	Heterospecific	54	3.97	983.88	0	0
4	41	539	2	Heterospecific	54	4.47	3594.12	0	72.63
4	41	539	3	Heterospecific	54	4.33	85.52	92.9	0
4	41	539	4	Heterospecific	54	4.12	0	0	104.71
4	41	539	5	Heterospecific	54	3.65	138.66	342.78	0
4	41	539	6	Heterospecific	54	4.75	425.87	0	0
4	36	541	1	Conspecific	54	5.93	1650.94	1900.42	0
4	36	541	2	Conspecific	54	4.58	507.52	2750.4	2217.31
4	36	541	3	Conspecific	54	5.40	501.45	0	0
4	36	541	4	Conspecific	54	5.09	1016.27	0	0
4	36	541	5	Conspecific	54	4.57	1504.58	155.1	0
4	36	541	6	Conspecific	54	4.78	673.8	853.65	25.23
4	9	543	1	Heterospecific	55	4.96	1159.27	471.19	558.18
4	9	543	2	Heterospecific	55	4.66	69.84	0	462.55
4	9	543	3	Heterospecific	55	4.99	723.44	192.73	250.35
4	9	543	4	Heterospecific	55	4.40	724.02	1742.42	733.09
4	9	543	5	Heterospecific	55	4.65	4094.04	0	0
4	9	543	6	Heterospecific	55	5.27	91.96	0	0
4	32	545	1	NoCompetition	55	4.84	523.87	191.51	720.24
4	32	545	2	NoCompetition	55	4.03	671.15	1607.5	233.53
4	32	545	3	NoCompetition	55	4.85	277.22	0	1735.31
4	32	545	4	NoCompetition	55	5.66	222.44	681.29	1024.09
4	32	545	5	NoCompetition	55	4.65	956.32	917.17	3068.02
4	32	545	6	NoCompetition	55	4.62	156.46	442.36	245.91
4	42	546	1	Heterospecific	55	4.01	878.03	296.12	689.87
4	42	546	2	Heterospecific	55	3.73	652.12	755.16	50.48
4	42	546	3	Heterospecific	55	3.53	136.8	0	0
4	42	546	4	Heterospecific	55	3.50	1469.23	0	129.24
4	42	546	5	Heterospecific	55	3.88	137.11	0	0
4	42	546	6	Heterospecific	55	3.56	0	4.48	0
4	12	547	1	Conspecific	54	4.92	605.76	1386.75	0
4	12	547	2	Conspecific	54	5.53	416.89	0	0
4	12	547	3	Conspecific	54	4.71	644.56	4.24	0
4	12	547	4	Conspecific	54	5.32	561.06	0	0
4	12	547	5	Conspecific	54	5.15	635.14	196.62	1215.39
4	12	547	6	Conspecific	54	5.74	1126.7	2.24	0
4	25	548	1	Heterospecific	55	5.15	76.34	0	0
4	25	548	2	Heterospecific	55	5.14	1057.01	117.7	0
4	25	548	3	Heterospecific	55	5.05	1015.97	0	0
4	25	548	4	Heterospecific	55	5.15	9.63	0	734.39
4	25	548	5	Heterospecific	55	5.31	1294.84	252.39	314.97
4	25	548	6	Heterospecific	55	5.34	860.04	68.28	0
4	6	549	1	Conspecific	54	6.26	194.99	768.67	0
4	6	549	2	Conspecific	54	6.89	486.33	0	0
4	6	549	3	Conspecific	54	6.25	920.31	0	0
4	6	549	4	Conspecific	54	5.99	82.59	0	0
4	6	549	5	Conspecific	54	5.45	417.04	0	377.02
4	6	549	6	Conspecific	54	5.49	29.02	1958	0
4	40	550	1	NoCompetition	54	3.95	2247.65	NA	0
4	40	550	2	NoCompetition	54	4.54	514.91	1	64.29
4	40	550	3	NoCompetition	54	4.13	92.79	0	0
4	40	550	4	NoCompetition	54	3.62	0	2965.96	0
4	40	550	5	NoCompetition	54	4.04	NA	0	108.44
4	40	550	6	NoCompetition	54	4.45	3647.66	2768.47	3596.93
4	35	551	1	Heterospecific	54	4.29	22.55	0	0
4	35	551	2	Heterospecific	54	4.16	168.82	0	192.34
4	35	551	3	Heterospecific	54	4.64	5018.57	0	0
4	35	551	4	Heterospecific	54	4.19	288.76	0	915.56
4	35	551	5	Heterospecific	54	4.13	NA	0	214.05
4	35	551	6	Heterospecific	54	4.07	182.91	0	0
4	29	552	1	Conspecific	54	4.96	345.1	0	201.91
4	29	552	2	Conspecific	54	5.10	1390.45	0	0
4	29	552	3	Conspecific	54	4.95	206.28	0	0
4	29	552	4	Conspecific	54	5.31	418.38	0	93.36
4	29	552	5	Conspecific	54	5.05	593.43	671.03	25.81
4	29	552	6	Conspecific	54	4.43	359.18	0	326.81
4	31	555	1	NoCompetition	54	5.52	303.7	0	0
4	31	555	2	NoCompetition	54	5.19	84.02	631.15	1426.63
4	31	555	3	NoCompetition	54	4.71	176.21	5476.78	0
4	31	555	4	NoCompetition	54	5.96	309.02	3302.47	1551.15
4	31	555	5	NoCompetition	54	5.34	96.04	251.66	1199.12
4	31	555	6	NoCompetition	54	5.52	75.41	227.3	895.18
4	3	556	1	Conspecific	54	5.55	338.02	0	0
4	3	556	2	Conspecific	54	5.44	112.38	11.96	0
4	3	556	3	Conspecific	54	4.86	3675.3	0	45.6
4	3	556	4	Conspecific	54	5.18	4422.63	623.63	1291.7
4	3	556	5	Conspecific	54	5.60	241.22	1531.78	0
4	3	556	6	Conspecific	54	5.88	330.96	281.25	335.21
4	38	557	1	Conspecific	54	6.32	498.29	47.23	1525.25
4	38	557	2	Conspecific	54	6.96	2981.9	0	3236.29
4	38	557	3	Conspecific	54	5.85	1449.45	1051.35	80.05
4	38	557	4	Conspecific	54	7.19	522.14	691.56	82.22
4	38	557	5	Conspecific	54	6.52	177.9	1005.17	0
4	38	557	6	Conspecific	54	6.17	121.76	3884.25	439.1
4	19	560	1	Conspecific	55	4.00	1097.72	2117.75	40.41
4	19	560	2	Conspecific	55	4.09	558.99	53.6	0
4	19	560	3	Conspecific	55	4.36	157.82	0	143.44
4	19	560	4	Conspecific	55	4.06	402.2	0	0
4	19	560	5	Conspecific	55	4.51	229.64	0	0
4	19	560	6	Conspecific	55	4.12	84.57	0	2203.53
5	22	601	1	NoCompetition	61	5.24	3532.4	2590.5	0
5	22	601	2	NoCompetition	61	5.39	1003.28	1066.81	269.31
5	22	601	3	NoCompetition	61	4.74	1670.83	622.99	0
5	22	601	4	NoCompetition	61	5.51	330.68	147.76	0
5	22	601	5	NoCompetition	61	5.03	2249.12	0	48.19
5	22	601	6	NoCompetition	61	4.07	2184.26	0	0
5	36	602	1	Conspecific	60	4.27	1603.39	0	0
5	36	602	2	Conspecific	60	3.82	1830.77	20.11	2201.51
5	36	602	3	Conspecific	60	3.98	573.61	216.21	1642.85
5	36	602	4	Conspecific	60	4.31	618.01	0	0
5	36	602	5	Conspecific	60	4.22	126.84	0	0
5	36	602	6	Conspecific	60	4.49	831.02	0	0
5	4	603	1	Conspecific	60	5.37	28.03	0	0
5	4	603	2	Conspecific	60	5.59	648.65	168.45	0
5	4	603	3	Conspecific	60	5.13	703.94	27.57	1371.93
5	4	603	4	Conspecific	60	5.10	196.94	0	4.12
5	4	603	5	Conspecific	60	5.30	499.54	728.59	0
5	4	603	6	Conspecific	60	5.37	475.86	0	374.09
5	43	604	1	Heterospecific	61	4.67	1470.8	185.77	0
5	43	604	2	Heterospecific	61	5.03	197.02	153.06	0
5	43	604	3	Heterospecific	61	4.27	3124.33	397.24	0
5	43	604	4	Heterospecific	61	4.57	183.54	0	494.01
5	43	604	5	Heterospecific	61	4.06	333.33	221.9	0
5	43	604	6	Heterospecific	61	4.32	109.62	0	0
5	10	605	1	Heterospecific	61	5.33	3111.28	154.03	689.49
5	10	605	2	Heterospecific	61	4.85	45.37	0	2
5	10	605	3	Heterospecific	61	4.95	700.72	0	0
5	10	605	4	Heterospecific	61	5.01	2089.27	0	0
5	10	605	5	Heterospecific	61	5.23	366.92	0	158.83
5	10	605	6	Heterospecific	61	5.14	274.77	2127.22	0
5	13	606	1	Conspecific	60	4.21	386.65	33.96	0
5	13	606	2	Conspecific	60	4.09	1714.21	0	0
5	13	606	3	Conspecific	60	4.57	1290.84	99.22	4103.65
5	13	606	4	Conspecific	60	4.59	904.35	0	205.46
5	13	606	5	Conspecific	60	4.68	304.65	29.15	0
5	13	606	6	Conspecific	60	4.41	3411.78	0	0
5	40	607	1	NoCompetition	60	5.31	349.26	26.81	0
5	40	607	2	NoCompetition	60	4.51	2908.59	524.21	0
5	40	607	3	NoCompetition	60	4.83	455.3	0	0
5	40	607	4	NoCompetition	60	4.54	164.58	0	0
5	40	607	5	NoCompetition	60	4.89	105.7	0	0
5	40	607	6	NoCompetition	60	4.85	750.4	180.53	247.33
5	14	608	1	NoCompetition	61	5.38	2853.11	385.76	757.28
5	14	608	2	NoCompetition	61	5.21	500.27	0	0
5	14	608	3	NoCompetition	61	4.70	103.07	64.43	0
5	14	608	4	NoCompetition	61	5.04	426.46	0	0
5	14	608	5	NoCompetition	61	5.12	218.33	0	0
5	14	608	6	NoCompetition	61	5.20	1675.98	0	259.26
5	7	611	1	NoCompetition	61	4.38	5846.9	0	0
5	7	611	2	NoCompetition	61	4.71	125	779.27	0
5	7	611	3	NoCompetition	61	5.17	285.53	553.03	0
5	7	611	4	NoCompetition	61	5.68	786.88	1554.99	904.96
5	7	611	5	NoCompetition	61	5.29	9.18	0	2314.63
5	7	611	6	NoCompetition	61	5.59	66.63	847.07	665.53
5	33	613	1	Heterospecific	60	4.03	172.38	0	0
5	33	613	2	Heterospecific	60	4.76	323.09	91.51	0
5	33	613	3	Heterospecific	60	4.35	1948.57	111.78	0
5	33	613	4	Heterospecific	60	5.04	859.07	2732.69	0
5	33	613	5	Heterospecific	60	4.17	1827.48	1604.69	1375.45
5	33	613	6	Heterospecific	60	4.57	1468.6	0	1074.17
5	11	616	1	Conspecific	60	4.14	2166.43	0	0
5	11	616	2	Conspecific	60	4.15	534.56	7.06	98.93
5	11	616	3	Conspecific	60	5.62	276.79	182.43	140.36
5	11	616	4	Conspecific	60	3.96	320.91	173.12	645.87
5	11	616	5	Conspecific	60	4.72	416.74	0	191.04
5	11	616	6	Conspecific	60	4.67	486.01	0	0
5	37	617	1	Conspecific	60	5.90	398.9	0	0
5	37	617	2	Conspecific	60	4.93	444.34	3270.47	0
5	37	617	3	Conspecific	60	5.40	2662.43	0	0
5	37	617	4	Conspecific	60	5.68	554	255.53	0
5	37	617	5	Conspecific	60	5.47	NA	0	0
5	37	617	6	Conspecific	60	5.54	380.82	0	0
5	26	618	1	Heterospecific	61	4.42	NA	6348.05	1744.64
5	26	618	2	Heterospecific	61	4.41	884.37	98.54	1524.56
5	26	618	3	Heterospecific	61	4.84	5313.54	0	298.39
5	26	618	4	Heterospecific	61	4.87	1084.92	67.79	876.5
5	26	618	5	Heterospecific	61	4.70	3650.69	129.86	286.61
5	26	618	6	Heterospecific	61	5.05	260.1	64.79	162.7
5	42	620	1	Heterospecific	60	3.99	253.78	297.64	0
5	42	620	2	Heterospecific	60	4.58	291.35	0	303.93
5	42	620	3	Heterospecific	60	4.07	1892.17	155.99	157.08
5	42	620	4	Heterospecific	60	4.43	96.31	730.52	19.06
5	42	620	5	Heterospecific	60	3.51	1143.69	203.54	0
5	42	620	6	Heterospecific	60	4.25	2551.2	0	281.09
5	5	621	1	Conspecific	60	4.72	323.86	1241.67	0
5	5	621	2	Conspecific	60	4.31	1273.35	3620.13	0
5	5	621	3	Conspecific	60	4.36	200.2	85.8	281.09
5	5	621	4	Conspecific	60	4.87	121.38	0	0
5	5	621	5	Conspecific	60	5.33	114.13	0	221.65
5	5	621	6	Conspecific	60	4.93	9	0	88.67
5	21	622	1	Conspecific	60	4.33	110.41	3045.8	0
5	21	622	2	Conspecific	60	4.79	917.09	0	0
5	21	622	3	Conspecific	60	4.93	2768.26	0	0
5	21	622	4	Conspecific	60	5.44	488.28	52.66	0
5	21	622	5	Conspecific	60	5.50	67.08	0	9.09
5	21	622	6	Conspecific	60	4.80	468.88	0	0
5	31	623	1	NoCompetition	61	4.50	302.3	380.76	0
5	31	623	2	NoCompetition	61	5.42	136.74	221.94	25.5
5	31	623	3	NoCompetition	61	5.15	416.58	200.72	2224.48
5	31	623	4	NoCompetition	61	4.88	536.07	3403.01	245.8
5	31	623	5	NoCompetition	61	5.19	1609.39	387.69	0
5	31	623	6	NoCompetition	61	5.20	2610.86	0	0
5	30	625	1	Conspecific	61	5.06	NA	473.76	0
5	30	625	2	Conspecific	61	5.27	686.62	0	0
5	30	625	3	Conspecific	61	4.86	597.91	0	220.05
5	30	625	4	Conspecific	61	4.94	4183.35	0	123.1
5	30	625	5	Conspecific	61	5.28	498.85	2291.47	260.39
5	30	625	6	Conspecific	61	5.72	602.76	0	0
5	19	626	1	Conspecific	61	3.97	142.55	4470.45	146.88
5	19	626	2	Conspecific	61	4.64	60.6	457.49	122.97
5	19	626	3	Conspecific	61	4.13	2035.44	0	0
5	19	626	4	Conspecific	61	4.43	1922.88	175.06	1912.53
5	19	626	5	Conspecific	61	4.59	959.95	0	354.06
5	19	626	6	Conspecific	61	4.41	678.44	0	11.69
5	38	627	1	NoCompetition	61	5.63	1440.59	0	469.44
5	38	627	2	NoCompetition	61	5.85	3018.41	62.77	9.41
5	38	627	3	NoCompetition	61	4.85	1077.79	601.36	0
5	38	627	4	NoCompetition	61	5.26	1867.7	0	0
5	38	627	5	NoCompetition	61	5.94	391.27	47.34	0
5	38	627	6	NoCompetition	61	5.65	1470.06	0	13
5	32	628	1	NoCompetition	60	5.06	940.88	563.53	0
5	32	628	2	NoCompetition	60	4.26	370.26	8.6	0
5	32	628	3	NoCompetition	60	4.62	3833.27	384.74	571.41
5	32	628	4	NoCompetition	60	5.16	1699.71	0	1374.97
5	32	628	5	NoCompetition	60	4.69	3034.09	0	2491.07
5	32	628	6	NoCompetition	60	5.26	468.34	265.01	203.83
5	27	629	1	Conspecific	61	4.31	NA	69.62	0
5	27	629	2	Conspecific	61	4.67	527.28	0	0
5	27	629	3	Conspecific	61	4.49	3525.12	632.09	596.65
5	27	629	4	Conspecific	61	4.74	421.51	1200.52	10.41
5	27	629	5	Conspecific	61	4.44	410.03	218.75	1611.3
5	27	629	6	Conspecific	61	4.55	431.98	0	0
5	48	631	1	NoCompetition	61	5.06	1409.72	2880.11	0
5	48	631	2	NoCompetition	61	4.98	574.77	1484.66	5120.62
5	48	631	3	NoCompetition	61	5.08	923.44	1007.71	306.43
5	48	631	4	NoCompetition	61	4.98	2475.44	158.46	0
5	48	631	5	NoCompetition	61	4.56	858.06	0	2270.86
5	48	631	6	NoCompetition	61	5.67	830.22	76.94	0
5	39	634	1	NoCompetition	61	4.98	3422.25	2448.31	0
5	39	634	2	NoCompetition	61	6.08	263.13	53.66	0
5	39	634	3	NoCompetition	61	4.81	109.55	0	0
5	39	634	4	NoCompetition	61	5.51	1419.2	2678.31	6.32
5	39	634	5	NoCompetition	61	5.05	23.81	74.33	128.53
5	39	634	6	NoCompetition	61	5.54	95.58	0	0
5	29	636	1	Conspecific	61	5.50	NA	4650.97	0
5	29	636	2	Conspecific	61	5.18	731.69	1528.39	1367.09
5	29	636	3	Conspecific	61	5.45	3984.64	3293.28	0
5	29	636	4	Conspecific	61	5.22	2936.6	197.58	2153.38
5	29	636	5	Conspecific	61	5.99	123.54	0	2051.5
5	29	636	6	Conspecific	61	5.48	763.92	0	0
5	20	637	1	Conspecific	60	4.93	458.42	55.45	5599.63
5	20	637	2	Conspecific	60	4.45	960.19	530.07	1196.45
5	20	637	3	Conspecific	60	4.25	991.72	0	31.63
5	20	637	4	Conspecific	60	4.57	949.07	453.22	95.65
5	20	637	5	Conspecific	60	5.07	480.22	0	684.98
5	20	637	6	Conspecific	60	5.47	797.18	0	0
5	46	638	1	Conspecific	61	4.52	1428.31	6645	0
5	46	638	2	Conspecific	61	4.71	172.17	0	5
5	46	638	3	Conspecific	61	5.12	1999.11	43.48	0
5	46	638	4	Conspecific	61	5.04	563.32	192.7	130.12
5	46	638	5	Conspecific	61	5.45	1685.96	0	0
5	46	638	6	Conspecific	61	5.45	838.31	26.51	0
5	2	640	1	Heterospecific	61	4.82	151.74	0	0
5	2	640	2	Heterospecific	61	4.93	810	37.2	30.92
5	2	640	3	Heterospecific	61	4.68	485.62	5.88	101.83
5	2	640	4	Heterospecific	61	4.68	168.84	0	0
5	2	640	5	Heterospecific	61	4.26	2775.14	1	1574.11
5	2	640	6	Heterospecific	61	4.46	69.79	0	0
5	3	641	1	Heterospecific	61	4.31	185.89	0	0
5	3	641	2	Heterospecific	61	3.70	19.03	0	69.29
5	3	641	3	Heterospecific	61	4.07	723.73	427.15	0
5	3	641	4	Heterospecific	61	4.45	105.42	222.37	5.24
5	3	641	5	Heterospecific	61	3.52	907	0	2449.74
5	3	641	6	Heterospecific	61	4.31	2364.93	116.99	0
5	35	643	1	Conspecific	60	5.40	1470.26	1894.2	418.42
5	35	643	2	Conspecific	60	5.60	570.84	2181.29	2012.14
5	35	643	3	Conspecific	60	4.88	1427.57	105.3	7.89
5	35	643	4	Conspecific	60	5.58	897.31	7.12	0
5	35	643	5	Conspecific	60	6.49	1528.23	252.02	0
5	35	643	6	Conspecific	60	4.97	39.37	1710.17	0
5	9	645	1	Heterospecific	60	5.14	545.83	718.4	465.14
5	9	645	2	Heterospecific	60	4.12	713.79	192.22	0
5	9	645	3	Heterospecific	60	4.57	6.16	0	90.91
5	9	645	4	Heterospecific	60	4.63	67.22	1099	320.59
5	9	645	5	Heterospecific	60	5.05	676.87	40.45	579.59
5	9	645	6	Heterospecific	60	4.43	285.78	0	120.11
5	41	646	1	Heterospecific	61	4.41	3493.44	5.24	0
5	41	646	2	Heterospecific	61	4.46	1986.13	21.4	80.02
5	41	646	3	Heterospecific	61	5.23	1141.76	7.62	92.35
5	41	646	4	Heterospecific	61	4.85	281.7	0	0
5	41	646	5	Heterospecific	61	5.46	1836.31	0	0
5	41	646	6	Heterospecific	61	5.26	2761.62	0	0
5	15	647	1	NoCompetition	61	5.31	372.3	653.96	0
5	15	647	2	NoCompetition	61	4.70	1642.72	0	1541.8
5	15	647	3	NoCompetition	61	5.06	1378.33	1066.02	0
5	15	647	4	NoCompetition	61	4.72	0	91.59	216.12
5	15	647	5	NoCompetition	61	4.77	486.07	0	0
5	15	647	6	NoCompetition	61	4.81	16.51	84.29	0
5	47	648	1	NoCompetition	61	4.91	358.54	407.21	46.82
5	47	648	2	NoCompetition	61	4.97	1195.89	595.06	0
5	47	648	3	NoCompetition	61	4.90	1022.15	0	0
5	47	648	4	NoCompetition	61	5.36	1354.65	310.62	323.33
5	47	648	5	NoCompetition	61	4.19	NA	1856.97	533.94
5	47	648	6	NoCompetition	61	5.36	1272.15	391.5	0
5	17	649	1	Heterospecific	60	5.11	729.58	51.58	1938.78
5	17	649	2	Heterospecific	60	4.36	484.75	880.88	74.15
5	17	649	3	Heterospecific	60	4.88	492.89	327.16	90.1
5	17	649	4	Heterospecific	60	4.79	701.01	236.25	676.44
5	17	649	5	Heterospecific	60	4.61	792.48	0	0
5	17	649	6	Heterospecific	60	5.66	896.58	0	647.48
5	18	650	1	Heterospecific	61	4.65	37.86	117.05	800.12
5	18	650	2	Heterospecific	61	4.64	962.76	255.29	0
5	18	650	3	Heterospecific	61	5.24	1232.33	554.75	0
5	18	650	4	Heterospecific	61	5.76	552.26	89.29	0
5	18	650	5	Heterospecific	61	4.97	0	0	0
5	18	650	6	Heterospecific	61	4.86	561.66	306.59	0
5	8	651	1	NoCompetition	60	4.47	235.96	0	0
5	8	651	2	NoCompetition	60	5.07	657.79	1972.04	0
5	8	651	3	NoCompetition	60	4.53	405.84	0	0
5	8	651	4	NoCompetition	60	4.39	127.01	0	0
5	8	651	5	NoCompetition	60	3.64	21.69	0	0
5	8	651	6	NoCompetition	60	4.96	411.88	91.91	7.12
5	23	652	1	NoCompetition	60	4.69	304.14	4736.59	53.42
5	23	652	2	NoCompetition	60	4.82	3143.88	2983.79	152.14
5	23	652	3	NoCompetition	60	5.26	324.15	0	0
5	23	652	4	NoCompetition	60	5.08	123.69	0	0
5	23	652	5	NoCompetition	60	5.35	305.92	0	0
5	23	652	6	NoCompetition	60	5.11	179.25	0	0
5	24	653	1	NoCompetition	61	4.99	842.06	0	0
5	24	653	2	NoCompetition	61	5.24	460.46	1751.06	0
5	24	653	3	NoCompetition	61	5.30	1119.63	861.72	272.81
5	24	653	4	NoCompetition	61	5.43	260.1	0	0
5	24	653	5	NoCompetition	61	5.14	1531.19	0	3941.9
5	24	653	6	NoCompetition	61	5.34	1791.65	0	0
5	6	654	1	Conspecific	60	3.89	2067.29	0	1157.05
5	6	654	2	Conspecific	60	3.96	2338.98	0	0
5	6	654	3	Conspecific	60	4.75	1303.4	0	638.36
5	6	654	4	Conspecific	60	4.70	471.72	164.86	300.52
5	6	654	5	Conspecific	60	4.21	135.41	0	0
5	6	654	6	Conspecific	60	4.66	256.77	31.19	102.21
5	25	657	1	Heterospecific	60	4.68	NA	60.24	973.27
5	25	657	2	Heterospecific	60	5.11	1886.31	88.88	0
5	25	657	3	Heterospecific	60	4.74	53.4	0	39.99
5	25	657	4	Heterospecific	60	5.87	482.6	0	0
5	25	657	5	Heterospecific	60	5.45	156.95	38.55	1777.76
5	25	657	6	Heterospecific	60	5.18	2188.75	72.39	163.56
5	16	658	1	NoCompetition	60	4.13	217.69	2528	0
5	16	658	2	NoCompetition	60	4.16	1176.25	3809.52	0
5	16	658	3	NoCompetition	60	4.35	264.06	1415.92	8.22
5	16	658	4	NoCompetition	60	4.86	1074.98	3501.83	342.23
5	16	658	5	NoCompetition	60	5.38	2265.21	1916.19	0
5	16	658	6	NoCompetition	60	5.21	1999.75	1289.35	0
5	44	659	1	Heterospecific	60	4.54	1247.53	80.83	441.72
5	44	659	2	Heterospecific	60	4.62	2737.43	1224.18	658.54
5	44	659	3	Heterospecific	60	4.32	2277.48	0	0
5	44	659	4	Heterospecific	60	4.18	575.5	603.08	0
5	44	659	5	Heterospecific	60	4.00	1618.59	0	465.41
5	44	659	6	Heterospecific	60	4.78	764.8	0	0
5	28	660	1	Conspecific	61	4.42	NA	23.97	0
5	28	660	2	Conspecific	61	5.07	110.38	122.4	231.63
5	28	660	3	Conspecific	61	5.18	970	1856.33	353.51
5	28	660	4	Conspecific	61	5.03	953.85	853.55	10.71
5	28	660	5	Conspecific	61	5.07	1015.37	17.07	0
5	28	660	6	Conspecific	61	4.60	335.34	0	29